(-0.02,0.22).jpg -0.02,0.22
(-0.04,0.13).jpg -0.04,0.13
(-0.06,-0.33).jpg -0.06,-0.33
(-0.13,-0.20).jpg -0.13,-0.20
(-0.16,-0.30).jpg -0.16,-0.30
(-0.17,-0.29).jpg -0.17,-0.29
(-0.19,0.20).jpg -0.19,0.20
(-0.21,-0.81).jpg -0.21,-0.81
(-0.24,0.14).jpg -0.24,0.14
(-0.26,-0.76).jpg -0.26,-0.76
(-0.26,0.59).jpg -0.26,0.59
(-0.27,-0.67).jpg -0.27,-0.67
(-0.27,-0.71).jpg -0.27,-0.71
(-0.28,-0.26).jpg -0.28,-0.26
(-0.28,0.50).jpg -0.28,0.50
(-0.29,0.20).jpg -0.29,0.20
(-0.31,-0.65).jpg -0.31,-0.65
(-0.32,-0.02).jpg -0.32,-0.02
(-0.33,0.87).jpg -0.33,0.87
(-0.37,0.57).jpg -0.37,0.57
(-0.44,-0.51).jpg -0.44,-0.51
(-0.47,-0.04).jpg -0.47,-0.04
(-0.49,0.18).jpg -0.49,0.18
(-0.51,-0.84).jpg -0.51,-0.84
(-0.58,-0.00).jpg -0.58,-0.00
(-0.60,1.00).jpg -0.60,1.00
(-0.64,-0.57).jpg -0.64,-0.57
(-0.65,-0.29).jpg -0.65,-0.29
(-0.67,0.09).jpg -0.67,0.09
(-0.69,-0.00).jpg -0.69,-0.00
(-0.69,0.37).jpg -0.69,0.37
(-0.72,-0.10).jpg -0.72,-0.10
(-0.73,-0.32).jpg -0.73,-0.32
(-0.75,-0.35).jpg -0.75,-0.35
(-0.76,-0.34).jpg -0.76,-0.34
(-0.78,-0.62).jpg -0.78,-0.62
(-0.81,-0.01).jpg -0.81,-0.01
(-0.81,0.52).jpg -0.81,0.52
(-0.82,-0.32).jpg -0.82,-0.32
(-0.85,0.40).jpg -0.85,0.40
(-0.85,0.72).jpg -0.85,0.72
(-0.88,0.72).jpg -0.88,0.72
(-0.92,-0.76).jpg -0.92,-0.76
(-0.97,-0.40).jpg -0.97,-0.40
(-0.99,1.00).jpg -0.99,1.00
(-1.00,-0.19).jpg -1.00,-0.19
(-1.00,-1.00).jpg -1.00,-1.00
(-1.00,0.22).jpg -1.00,0.22
(-1.00,0.44).jpg -1.00,0.44
(-1.00,0.69).jpg -1.00,0.69
(0.01,-0.73).jpg 0.01,-0.73
(0.03,0.08).jpg 0.03,0.08
(0.05,0.92).jpg 0.05,0.92
(0.07,-0.36).jpg 0.07,-0.36
(0.13,-0.23).jpg 0.13,-0.23
(0.15,-0.39).jpg 0.15,-0.39
(0.17,-0.28).jpg 0.17,-0.28
(0.19,-0.75).jpg 0.19,-0.75
(0.20,-0.25).jpg 0.20,-0.25
(0.20,0.90).jpg 0.20,0.90
(0.23,0.03).jpg 0.23,0.03
(0.23,0.12).jpg 0.23,0.12
(0.25,-0.77).jpg 0.25,-0.77
(0.26,-0.55).jpg 0.26,-0.55
(0.31,0.23).jpg 0.31,0.23
(0.31,0.94).jpg 0.31,0.94
(0.32,-0.33).jpg 0.32,-0.33
(0.33,-0.38).jpg 0.33,-0.38
(0.33,-0.69).jpg 0.33,-0.69
(0.35,-0.66).jpg 0.35,-0.66
(0.36,0.65).jpg 0.36,0.65
(0.40,-0.13).jpg 0.40,-0.13
(0.43,0.05).jpg 0.43,0.05
(0.44,0.36).jpg 0.44,0.36
(0.45,-0.79).jpg 0.45,-0.79
(0.46,0.18).jpg 0.46,0.18
(0.47,0.27).jpg 0.47,0.27
(0.47,0.36).jpg 0.47,0.36
(0.49,0.16).jpg 0.49,0.16
(0.50,-0.11).jpg 0.50,-0.11
(0.50,-0.40).jpg 0.50,-0.40
(0.52,-0.04).jpg 0.52,-0.04
(0.55,-0.30).jpg 0.55,-0.30
(0.55,-0.38).jpg 0.55,-0.38
(0.57,0.26).jpg 0.57,0.26
(0.58,0.27).jpg 0.58,0.27
(0.60,-0.19).jpg 0.60,-0.19
(0.65,0.39).jpg 0.65,0.39
(0.65,0.56).jpg 0.65,0.56
(0.66,-0.75).jpg 0.66,-0.75
(0.67,-0.02).jpg 0.67,-0.02
(0.67,1.00).jpg 0.67,1.00
(0.70,-0.55).jpg 0.70,-0.55
(0.78,-0.02).jpg 0.78,-0.02
(0.80,0.47).jpg 0.80,0.47
(0.81,-0.20).jpg 0.81,-0.20
(0.83,-0.42).jpg 0.83,-0.42
(0.83,-0.54).jpg 0.83,-0.54
(0.86,-0.01).jpg 0.86,-0.01
(0.87,-0.85).jpg 0.87,-0.85
(0.89,-0.20).jpg 0.89,-0.20
(0.90,-0.38).jpg 0.90,-0.38
(0.91,0.64).jpg 0.91,0.64
(1.00,-1.00).jpg 1.00,-1.00
(1.00,0.06).jpg 1.00,0.06
(1.00,0.15).jpg 1.00,0.15
